320,180,src/main/resources/images/backgrounds/creditosWallBackground.png,src/main/resources/images/backgrounds/creditosBackground.png,menu

50,19,11,15,28,4

70,19,11,15,28,4




0,0,320,7
0,0,7,180
313,0,7,180
0,173,320,7
51,75,1,1
52,75,1,1
53,75,1,1
54,75,1,1
55,75,1,1
56,75,1,1
57,75,1,1
58,75,1,1
59,75,1,1
60,75,1,1
63,75,1,1
64,75,1,1
69,75,1,1
70,75,1,1
75,75,1,1
76,75,1,1
77,75,1,1
78,75,1,1
83,75,1,1
84,75,1,1
89,75,1,1
90,75,1,1
93,75,1,1
94,75,1,1
99,75,1,1
100,75,1,1
107,75,1,1
108,75,1,1
115,75,1,1
116,75,1,1
121,75,1,1
122,75,1,1
123,75,1,1
124,75,1,1
129,75,1,1
130,75,1,1
135,75,1,1
136,75,1,1
143,75,1,1
144,75,1,1
145,75,1,1
146,75,1,1
147,75,1,1
148,75,1,1
149,75,1,1
150,75,1,1
155,75,1,1
156,75,1,1
157,75,1,1
158,75,1,1
163,75,1,1
164,75,1,1
165,75,1,1
166,75,1,1
167,75,1,1
168,75,1,1
177,75,1,1
178,75,1,1
179,75,1,1
180,75,1,1
181,75,1,1
182,75,1,1
187,75,1,1
188,75,1,1
199,75,1,1
200,75,1,1
201,75,1,1
202,75,1,1
207,75,1,1
208,75,1,1
215,75,1,1
216,75,1,1
219,75,1,1
220,75,1,1
221,75,1,1
222,75,1,1
223,75,1,1
224,75,1,1
227,75,1,1
228,75,1,1
233,75,1,1
234,75,1,1
239,75,1,1
240,75,1,1
241,75,1,1
242,75,1,1
265,75,1,1
266,75,1,1
51,76,1,1
52,76,1,1
53,76,1,1
54,76,1,1
55,76,1,1
56,76,1,1
57,76,1,1
58,76,1,1
59,76,1,1
60,76,1,1
63,76,1,1
64,76,1,1
69,76,1,1
70,76,1,1
75,76,1,1
76,76,1,1
77,76,1,1
78,76,1,1
83,76,1,1
84,76,1,1
89,76,1,1
90,76,1,1
93,76,1,1
94,76,1,1
99,76,1,1
100,76,1,1
107,76,1,1
108,76,1,1
115,76,1,1
116,76,1,1
121,76,1,1
122,76,1,1
123,76,1,1
124,76,1,1
129,76,1,1
130,76,1,1
135,76,1,1
136,76,1,1
143,76,1,1
144,76,1,1
145,76,1,1
146,76,1,1
147,76,1,1
148,76,1,1
149,76,1,1
150,76,1,1
155,76,1,1
156,76,1,1
157,76,1,1
158,76,1,1
163,76,1,1
164,76,1,1
165,76,1,1
166,76,1,1
167,76,1,1
168,76,1,1
177,76,1,1
178,76,1,1
179,76,1,1
180,76,1,1
181,76,1,1
182,76,1,1
187,76,1,1
188,76,1,1
199,76,1,1
200,76,1,1
201,76,1,1
202,76,1,1
207,76,1,1
208,76,1,1
215,76,1,1
216,76,1,1
219,76,1,1
220,76,1,1
221,76,1,1
222,76,1,1
223,76,1,1
224,76,1,1
227,76,1,1
228,76,1,1
233,76,1,1
234,76,1,1
239,76,1,1
240,76,1,1
241,76,1,1
242,76,1,1
265,76,1,1
266,76,1,1
55,77,1,1
56,77,1,1
63,77,1,1
64,77,1,1
69,77,1,1
70,77,1,1
73,77,1,1
74,77,1,1
79,77,1,1
80,77,1,1
83,77,1,1
84,77,1,1
85,77,1,1
86,77,1,1
89,77,1,1
90,77,1,1
93,77,1,1
94,77,1,1
97,77,1,1
98,77,1,1
107,77,1,1
108,77,1,1
115,77,1,1
116,77,1,1
119,77,1,1
120,77,1,1
125,77,1,1
126,77,1,1
129,77,1,1
130,77,1,1
135,77,1,1
136,77,1,1
143,77,1,1
144,77,1,1
153,77,1,1
154,77,1,1
159,77,1,1
160,77,1,1
163,77,1,1
164,77,1,1
169,77,1,1
170,77,1,1
177,77,1,1
178,77,1,1
183,77,1,1
184,77,1,1
187,77,1,1
188,77,1,1
197,77,1,1
198,77,1,1
203,77,1,1
204,77,1,1
207,77,1,1
208,77,1,1
215,77,1,1
216,77,1,1
221,77,1,1
222,77,1,1
227,77,1,1
228,77,1,1
229,77,1,1
230,77,1,1
233,77,1,1
234,77,1,1
237,77,1,1
238,77,1,1
259,77,1,1
260,77,1,1
267,77,1,1
268,77,1,1
55,78,1,1
56,78,1,1
63,78,1,1
64,78,1,1
69,78,1,1
70,78,1,1
73,78,1,1
74,78,1,1
79,78,1,1
80,78,1,1
83,78,1,1
84,78,1,1
85,78,1,1
86,78,1,1
89,78,1,1
90,78,1,1
93,78,1,1
94,78,1,1
97,78,1,1
98,78,1,1
107,78,1,1
108,78,1,1
115,78,1,1
116,78,1,1
119,78,1,1
120,78,1,1
125,78,1,1
126,78,1,1
129,78,1,1
130,78,1,1
135,78,1,1
136,78,1,1
143,78,1,1
144,78,1,1
153,78,1,1
154,78,1,1
159,78,1,1
160,78,1,1
163,78,1,1
164,78,1,1
169,78,1,1
170,78,1,1
177,78,1,1
178,78,1,1
183,78,1,1
184,78,1,1
187,78,1,1
188,78,1,1
197,78,1,1
198,78,1,1
203,78,1,1
204,78,1,1
207,78,1,1
208,78,1,1
215,78,1,1
216,78,1,1
221,78,1,1
222,78,1,1
227,78,1,1
228,78,1,1
229,78,1,1
230,78,1,1
233,78,1,1
234,78,1,1
237,78,1,1
238,78,1,1
259,78,1,1
260,78,1,1
267,78,1,1
268,78,1,1
55,79,1,1
56,79,1,1
63,79,1,1
64,79,1,1
65,79,1,1
66,79,1,1
67,79,1,1
68,79,1,1
69,79,1,1
70,79,1,1
73,79,1,1
74,79,1,1
75,79,1,1
76,79,1,1
77,79,1,1
78,79,1,1
79,79,1,1
80,79,1,1
83,79,1,1
84,79,1,1
87,79,1,1
88,79,1,1
89,79,1,1
90,79,1,1
93,79,1,1
94,79,1,1
95,79,1,1
96,79,1,1
109,79,1,1
110,79,1,1
111,79,1,1
112,79,1,1
113,79,1,1
114,79,1,1
119,79,1,1
120,79,1,1
125,79,1,1
126,79,1,1
129,79,1,1
130,79,1,1
135,79,1,1
136,79,1,1
143,79,1,1
144,79,1,1
145,79,1,1
146,79,1,1
147,79,1,1
148,79,1,1
153,79,1,1
154,79,1,1
159,79,1,1
160,79,1,1
163,79,1,1
164,79,1,1
165,79,1,1
166,79,1,1
167,79,1,1
168,79,1,1
177,79,1,1
178,79,1,1
179,79,1,1
180,79,1,1
181,79,1,1
182,79,1,1
187,79,1,1
188,79,1,1
197,79,1,1
198,79,1,1
199,79,1,1
200,79,1,1
201,79,1,1
202,79,1,1
203,79,1,1
204,79,1,1
209,79,1,1
210,79,1,1
211,79,1,1
212,79,1,1
213,79,1,1
214,79,1,1
221,79,1,1
222,79,1,1
227,79,1,1
228,79,1,1
231,79,1,1
232,79,1,1
233,79,1,1
234,79,1,1
237,79,1,1
238,79,1,1
241,79,1,1
242,79,1,1
243,79,1,1
244,79,1,1
267,79,1,1
268,79,1,1
55,80,1,1
56,80,1,1
63,80,1,1
64,80,1,1
65,80,1,1
66,80,1,1
67,80,1,1
68,80,1,1
69,80,1,1
70,80,1,1
73,80,1,1
74,80,1,1
75,80,1,1
76,80,1,1
77,80,1,1
78,80,1,1
79,80,1,1
80,80,1,1
83,80,1,1
84,80,1,1
87,80,1,1
88,80,1,1
89,80,1,1
90,80,1,1
93,80,1,1
94,80,1,1
95,80,1,1
96,80,1,1
109,80,1,1
110,80,1,1
111,80,1,1
112,80,1,1
113,80,1,1
114,80,1,1
119,80,1,1
120,80,1,1
125,80,1,1
126,80,1,1
129,80,1,1
130,80,1,1
135,80,1,1
136,80,1,1
143,80,1,1
144,80,1,1
145,80,1,1
146,80,1,1
147,80,1,1
148,80,1,1
153,80,1,1
154,80,1,1
159,80,1,1
160,80,1,1
163,80,1,1
164,80,1,1
165,80,1,1
166,80,1,1
167,80,1,1
168,80,1,1
177,80,1,1
178,80,1,1
179,80,1,1
180,80,1,1
181,80,1,1
182,80,1,1
187,80,1,1
188,80,1,1
197,80,1,1
198,80,1,1
199,80,1,1
200,80,1,1
201,80,1,1
202,80,1,1
203,80,1,1
204,80,1,1
209,80,1,1
210,80,1,1
211,80,1,1
212,80,1,1
213,80,1,1
214,80,1,1
221,80,1,1
222,80,1,1
227,80,1,1
228,80,1,1
231,80,1,1
232,80,1,1
233,80,1,1
234,80,1,1
237,80,1,1
238,80,1,1
241,80,1,1
242,80,1,1
243,80,1,1
244,80,1,1
267,80,1,1
268,80,1,1
55,81,1,1
56,81,1,1
63,81,1,1
64,81,1,1
69,81,1,1
70,81,1,1
73,81,1,1
74,81,1,1
79,81,1,1
80,81,1,1
83,81,1,1
84,81,1,1
89,81,1,1
90,81,1,1
93,81,1,1
94,81,1,1
97,81,1,1
98,81,1,1
111,81,1,1
112,81,1,1
119,81,1,1
120,81,1,1
125,81,1,1
126,81,1,1
129,81,1,1
130,81,1,1
135,81,1,1
136,81,1,1
143,81,1,1
144,81,1,1
153,81,1,1
154,81,1,1
159,81,1,1
160,81,1,1
163,81,1,1
164,81,1,1
167,81,1,1
168,81,1,1
177,81,1,1
178,81,1,1
187,81,1,1
188,81,1,1
197,81,1,1
198,81,1,1
203,81,1,1
204,81,1,1
211,81,1,1
212,81,1,1
221,81,1,1
222,81,1,1
227,81,1,1
228,81,1,1
233,81,1,1
234,81,1,1
237,81,1,1
238,81,1,1
243,81,1,1
244,81,1,1
259,81,1,1
260,81,1,1
267,81,1,1
268,81,1,1
55,82,1,1
56,82,1,1
63,82,1,1
64,82,1,1
69,82,1,1
70,82,1,1
73,82,1,1
74,82,1,1
79,82,1,1
80,82,1,1
83,82,1,1
84,82,1,1
89,82,1,1
90,82,1,1
93,82,1,1
94,82,1,1
97,82,1,1
98,82,1,1
111,82,1,1
112,82,1,1
119,82,1,1
120,82,1,1
125,82,1,1
126,82,1,1
129,82,1,1
130,82,1,1
135,82,1,1
136,82,1,1
143,82,1,1
144,82,1,1
153,82,1,1
154,82,1,1
159,82,1,1
160,82,1,1
163,82,1,1
164,82,1,1
167,82,1,1
168,82,1,1
177,82,1,1
178,82,1,1
187,82,1,1
188,82,1,1
197,82,1,1
198,82,1,1
203,82,1,1
204,82,1,1
211,82,1,1
212,82,1,1
221,82,1,1
222,82,1,1
227,82,1,1
228,82,1,1
233,82,1,1
234,82,1,1
237,82,1,1
238,82,1,1
243,82,1,1
244,82,1,1
259,82,1,1
260,82,1,1
267,82,1,1
268,82,1,1
55,83,1,1
56,83,1,1
63,83,1,1
64,83,1,1
69,83,1,1
70,83,1,1
73,83,1,1
74,83,1,1
79,83,1,1
80,83,1,1
83,83,1,1
84,83,1,1
89,83,1,1
90,83,1,1
93,83,1,1
94,83,1,1
99,83,1,1
100,83,1,1
111,83,1,1
112,83,1,1
121,83,1,1
122,83,1,1
123,83,1,1
124,83,1,1
131,83,1,1
132,83,1,1
133,83,1,1
134,83,1,1
143,83,1,1
144,83,1,1
155,83,1,1
156,83,1,1
157,83,1,1
158,83,1,1
163,83,1,1
164,83,1,1
169,83,1,1
170,83,1,1
177,83,1,1
178,83,1,1
187,83,1,1
188,83,1,1
189,83,1,1
190,83,1,1
191,83,1,1
192,83,1,1
193,83,1,1
194,83,1,1
197,83,1,1
198,83,1,1
203,83,1,1
204,83,1,1
211,83,1,1
212,83,1,1
219,83,1,1
220,83,1,1
221,83,1,1
222,83,1,1
223,83,1,1
224,83,1,1
227,83,1,1
228,83,1,1
233,83,1,1
234,83,1,1
239,83,1,1
240,83,1,1
241,83,1,1
242,83,1,1
265,83,1,1
266,83,1,1
55,84,1,1
56,84,1,1
63,84,1,1
64,84,1,1
69,84,1,1
70,84,1,1
73,84,1,1
74,84,1,1
79,84,1,1
80,84,1,1
83,84,1,1
84,84,1,1
89,84,1,1
90,84,1,1
93,84,1,1
94,84,1,1
99,84,1,1
100,84,1,1
111,84,1,1
112,84,1,1
121,84,1,1
122,84,1,1
123,84,1,1
124,84,1,1
131,84,1,1
132,84,1,1
133,84,1,1
134,84,1,1
143,84,1,1
144,84,1,1
155,84,1,1
156,84,1,1
157,84,1,1
158,84,1,1
163,84,1,1
164,84,1,1
169,84,1,1
170,84,1,1
177,84,1,1
178,84,1,1
187,84,1,1
188,84,1,1
189,84,1,1
190,84,1,1
191,84,1,1
192,84,1,1
193,84,1,1
194,84,1,1
197,84,1,1
198,84,1,1
203,84,1,1
204,84,1,1
211,84,1,1
212,84,1,1
219,84,1,1
220,84,1,1
221,84,1,1
222,84,1,1
223,84,1,1
224,84,1,1
227,84,1,1
228,84,1,1
233,84,1,1
234,84,1,1
239,84,1,1
240,84,1,1
241,84,1,1
242,84,1,1
265,84,1,1
266,84,1,1
56,143,1,1
55,144,1,1
39,146,1,1
40,146,1,1
43,146,1,1
46,146,1,1
48,146,1,1
49,146,1,1
50,146,1,1
51,146,1,1
52,146,1,1
55,146,1,1
56,146,1,1
59,146,1,1
62,146,1,1
64,146,1,1
65,146,1,1
66,146,1,1
69,146,1,1
70,146,1,1
75,146,1,1
76,146,1,1
77,146,1,1
81,146,1,1
82,146,1,1
85,146,1,1
86,146,1,1
87,146,1,1
90,146,1,1
91,146,1,1
92,146,1,1
95,146,1,1
96,146,1,1
97,146,1,1
100,146,1,1
101,146,1,1
104,146,1,1
107,146,1,1
109,146,1,1
110,146,1,1
111,146,1,1
112,146,1,1
115,146,1,1
116,146,1,1
117,146,1,1
132,146,1,1
133,146,1,1
137,146,1,1
138,146,1,1
141,146,1,1
144,146,1,1
147,146,1,1
148,146,1,1
152,146,1,1
153,146,1,1
156,146,1,1
162,146,1,1
163,146,1,1
169,146,1,1
170,146,1,1
171,146,1,1
174,146,1,1
175,146,1,1
178,146,1,1
181,146,1,1
183,146,1,1
184,146,1,1
185,146,1,1
186,146,1,1
187,146,1,1
190,146,1,1
191,146,1,1
195,146,1,1
196,146,1,1
197,146,1,1
211,146,1,1
216,146,1,1
217,146,1,1
218,146,1,1
219,146,1,1
222,146,1,1
223,146,1,1
226,146,1,1
229,146,1,1
231,146,1,1
232,146,1,1
233,146,1,1
236,146,1,1
237,146,1,1
238,146,1,1
242,146,1,1
243,146,1,1
248,146,1,1
249,146,1,1
250,146,1,1
253,146,1,1
254,146,1,1
255,146,1,1
256,146,1,1
259,146,1,1
260,146,1,1
261,146,1,1
263,146,1,1
264,146,1,1
265,146,1,1
266,146,1,1
268,146,1,1
271,146,1,1
273,146,1,1
274,146,1,1
275,146,1,1
278,146,1,1
279,146,1,1
280,146,1,1
281,146,1,1
38,147,1,1
41,147,1,1
43,147,1,1
44,147,1,1
46,147,1,1
50,147,1,1
54,147,1,1
57,147,1,1
59,147,1,1
60,147,1,1
62,147,1,1
65,147,1,1
68,147,1,1
71,147,1,1
75,147,1,1
78,147,1,1
80,147,1,1
83,147,1,1
85,147,1,1
88,147,1,1
90,147,1,1
93,147,1,1
96,147,1,1
99,147,1,1
104,147,1,1
107,147,1,1
109,147,1,1
114,147,1,1
131,147,1,1
136,147,1,1
139,147,1,1
141,147,1,1
142,147,1,1
144,147,1,1
146,147,1,1
149,147,1,1
151,147,1,1
154,147,1,1
156,147,1,1
161,147,1,1
164,147,1,1
168,147,1,1
173,147,1,1
176,147,1,1
178,147,1,1
179,147,1,1
181,147,1,1
185,147,1,1
189,147,1,1
192,147,1,1
194,147,1,1
211,147,1,1
216,147,1,1
221,147,1,1
224,147,1,1
226,147,1,1
227,147,1,1
229,147,1,1
231,147,1,1
234,147,1,1
236,147,1,1
239,147,1,1
241,147,1,1
244,147,1,1
248,147,1,1
251,147,1,1
253,147,1,1
258,147,1,1
263,147,1,1
268,147,1,1
269,147,1,1
271,147,1,1
273,147,1,1
276,147,1,1
278,147,1,1
38,148,1,1
39,148,1,1
40,148,1,1
41,148,1,1
43,148,1,1
45,148,1,1
46,148,1,1
50,148,1,1
54,148,1,1
57,148,1,1
59,148,1,1
61,148,1,1
62,148,1,1
65,148,1,1
68,148,1,1
71,148,1,1
75,148,1,1
76,148,1,1
77,148,1,1
80,148,1,1
83,148,1,1
85,148,1,1
88,148,1,1
90,148,1,1
91,148,1,1
92,148,1,1
96,148,1,1
99,148,1,1
101,148,1,1
102,148,1,1
104,148,1,1
107,148,1,1
109,148,1,1
110,148,1,1
111,148,1,1
115,148,1,1
116,148,1,1
131,148,1,1
133,148,1,1
134,148,1,1
136,148,1,1
139,148,1,1
141,148,1,1
143,148,1,1
144,148,1,1
146,148,1,1
151,148,1,1
152,148,1,1
153,148,1,1
154,148,1,1
156,148,1,1
161,148,1,1
164,148,1,1
169,148,1,1
170,148,1,1
173,148,1,1
174,148,1,1
175,148,1,1
176,148,1,1
178,148,1,1
180,148,1,1
181,148,1,1
185,148,1,1
189,148,1,1
192,148,1,1
195,148,1,1
196,148,1,1
211,148,1,1
216,148,1,1
217,148,1,1
218,148,1,1
221,148,1,1
222,148,1,1
223,148,1,1
224,148,1,1
226,148,1,1
228,148,1,1
229,148,1,1
231,148,1,1
234,148,1,1
236,148,1,1
237,148,1,1
238,148,1,1
241,148,1,1
244,148,1,1
248,148,1,1
249,148,1,1
250,148,1,1
253,148,1,1
254,148,1,1
255,148,1,1
259,148,1,1
260,148,1,1
263,148,1,1
264,148,1,1
265,148,1,1
268,148,1,1
270,148,1,1
271,148,1,1
273,148,1,1
276,148,1,1
278,148,1,1
279,148,1,1
280,148,1,1
38,149,1,1
41,149,1,1
43,149,1,1
46,149,1,1
50,149,1,1
54,149,1,1
57,149,1,1
59,149,1,1
62,149,1,1
65,149,1,1
68,149,1,1
71,149,1,1
75,149,1,1
77,149,1,1
80,149,1,1
83,149,1,1
85,149,1,1
88,149,1,1
90,149,1,1
92,149,1,1
96,149,1,1
99,149,1,1
102,149,1,1
104,149,1,1
107,149,1,1
109,149,1,1
117,149,1,1
131,149,1,1
134,149,1,1
136,149,1,1
139,149,1,1
141,149,1,1
144,149,1,1
146,149,1,1
149,149,1,1
151,149,1,1
154,149,1,1
156,149,1,1
161,149,1,1
164,149,1,1
171,149,1,1
173,149,1,1
176,149,1,1
178,149,1,1
181,149,1,1
185,149,1,1
189,149,1,1
192,149,1,1
197,149,1,1
211,149,1,1
216,149,1,1
221,149,1,1
224,149,1,1
226,149,1,1
229,149,1,1
231,149,1,1
234,149,1,1
236,149,1,1
238,149,1,1
241,149,1,1
244,149,1,1
248,149,1,1
250,149,1,1
253,149,1,1
261,149,1,1
263,149,1,1
268,149,1,1
271,149,1,1
273,149,1,1
276,149,1,1
278,149,1,1
38,150,1,1
41,150,1,1
43,150,1,1
46,150,1,1
50,150,1,1
55,150,1,1
56,150,1,1
59,150,1,1
62,150,1,1
64,150,1,1
65,150,1,1
66,150,1,1
69,150,1,1
70,150,1,1
75,150,1,1
78,150,1,1
81,150,1,1
82,150,1,1
85,150,1,1
86,150,1,1
87,150,1,1
90,150,1,1
93,150,1,1
95,150,1,1
96,150,1,1
97,150,1,1
100,150,1,1
101,150,1,1
105,150,1,1
106,150,1,1
109,150,1,1
110,150,1,1
111,150,1,1
112,150,1,1
114,150,1,1
115,150,1,1
116,150,1,1
132,150,1,1
133,150,1,1
137,150,1,1
138,150,1,1
141,150,1,1
144,150,1,1
147,150,1,1
148,150,1,1
151,150,1,1
154,150,1,1
156,150,1,1
157,150,1,1
158,150,1,1
159,150,1,1
162,150,1,1
163,150,1,1
168,150,1,1
169,150,1,1
170,150,1,1
173,150,1,1
176,150,1,1
178,150,1,1
181,150,1,1
185,150,1,1
190,150,1,1
191,150,1,1
194,150,1,1
195,150,1,1
196,150,1,1
211,150,1,1
212,150,1,1
213,150,1,1
214,150,1,1
216,150,1,1
217,150,1,1
218,150,1,1
219,150,1,1
221,150,1,1
224,150,1,1
226,150,1,1
229,150,1,1
231,150,1,1
232,150,1,1
233,150,1,1
236,150,1,1
239,150,1,1
242,150,1,1
243,150,1,1
248,150,1,1
251,150,1,1
253,150,1,1
254,150,1,1
255,150,1,1
256,150,1,1
258,150,1,1
259,150,1,1
260,150,1,1
263,150,1,1
264,150,1,1
265,150,1,1
266,150,1,1
268,150,1,1
271,150,1,1
273,150,1,1
274,150,1,1
275,150,1,1
278,150,1,1
279,150,1,1
280,150,1,1
281,150,1,1
148,151,1,1
147,152,1,1

290,154,17,19


